5.003959978401066877e-01
7.128269451149408242e-01
8.398638703751010182e-01
8.778389483149091621e-01
8.976040152524118465e-01
9.239568719332437174e-01
9.270252860520303839e-01
9.305400186920573802e-01
9.400290400478568120e-01
9.400290400478568120e-01
9.379670295119970636e-01
9.389580886878106103e-01
9.439927128245002574e-01
9.420416795090371664e-01
9.449596503501143108e-01
9.457389846898769381e-01
9.465085235380863438e-01
9.522531821002623298e-01
9.566010507616478087e-01
9.602493243461592831e-01
9.631478849913326368e-01
