4.992451165911608868e-01
8.453297892017006543e-01
8.606334551383225673e-01
8.922449528720443057e-01
8.770329848856741606e-01
8.876120562136367020e-01
9.111186090083684963e-01
9.165512815621443821e-01
9.366983364869485573e-01
9.260473185550841535e-01
9.325969392342692288e-01
9.270651137913941131e-01
9.367275194396542659e-01
9.361427117064829995e-01
9.414446920920791495e-01
9.368192844818223897e-01
9.304075280098426104e-01
9.330350798831430481e-01
9.405877903040622545e-01
9.440859651413822107e-01
9.460617241854651915e-01
